
IsingSqH     4     512    26    0.07770860   10001
    1    0.102086847195E-01    0.683029247237E-05    -0.01958
    2    0.430964843750E+00    0.916015580177E-03    -0.00682
    3    0.430964843750E+00    0.916015580177E-03    -0.00682
    4    0.338169921875E+00    0.914430394851E-03     0.00612
    5    0.308261718750E+00    0.916748750807E-03    -0.03095

IsingSqH     6     512    94    0.07770860   10002
    1    0.264372033849E-02    0.151291576021E-05    -0.09181
    2    0.329746093750E+00    0.717252791054E-03    -0.11703
    3    0.329746093750E+00    0.717252791054E-03    -0.11703
    4    0.235050781250E+00    0.669931753490E-03    -0.09481
    5    0.226193359375E+00    0.652436728346E-03    -0.08134

IsingSqH     8     256   228    0.07770860   10003
    1    0.965747741721E-03    0.864291608775E-06     0.05116
    2    0.280320312500E+00    0.918699013019E-03     0.01775
    3    0.280320312500E+00    0.918699013019E-03     0.01775
    4    0.187996093750E+00    0.803241107266E-03     0.00244
    5    0.184074218750E+00    0.790320823505E-03    -0.00586

IsingSqH     4     512    26    0.07770860   10005
    1    0.101928689159E-01    0.670142713050E-05    -0.05138
    2    0.432648437500E+00    0.900269207192E-03     0.00067
    3    0.432648437500E+00    0.900269207192E-03     0.00067
    4    0.339646484375E+00    0.932121340230E-03     0.04646
    5    0.308830078125E+00    0.935831475089E-03     0.01797

IsingSqH     6     512    94    0.07770860   10006
    1    0.264649974357E-02    0.158312572776E-05    -0.09616
    2    0.329468750000E+00    0.706153444900E-03     0.00349
    3    0.329468750000E+00    0.706153444900E-03     0.00349
    4    0.234408203125E+00    0.671262636069E-03     0.07062
    5    0.225429687500E+00    0.666008681182E-03     0.07064

IsingSqH     8     256   242    0.07770860   10007
    1    0.967647049830E-03    0.795677053113E-06     0.02234
    2    0.280472656250E+00    0.968896202092E-03    -0.02323
    3    0.280472656250E+00    0.968896202092E-03    -0.02323
    4    0.188046875000E+00    0.858416005570E-03     0.01899
    5    0.184394531250E+00    0.861113212056E-03     0.01462

IsingSqH     4     512    26    0.07770860   10009
    1    0.101882106249E-01    0.693210361617E-05     0.08007
    2    0.433744140625E+00    0.921030072810E-03    -0.04027
    3    0.433744140625E+00    0.921030072810E-03    -0.04027
    4    0.340662109375E+00    0.914330759287E-03    -0.08514
    5    0.309251953125E+00    0.924110388574E-03    -0.04678

IsingSqH     6     512    95    0.07770860   10010
    1    0.264349345904E-02    0.154805869707E-05    -0.05691
    2    0.330466796875E+00    0.679423054864E-03     0.01377
    3    0.330466796875E+00    0.679423054864E-03     0.01377
    4    0.234589843750E+00    0.651346203949E-03     0.01719
    5    0.225615234375E+00    0.647483323858E-03     0.02518

IsingSqH     8     256   243    0.07770860   10011
    1    0.967477276446E-03    0.832537405384E-06    -0.00721
    2    0.279449218750E+00    0.892474464779E-03     0.02368
    3    0.279449218750E+00    0.892474464779E-03     0.02368
    4    0.188296875000E+00    0.790189497987E-03    -0.03527
    5    0.184570312500E+00    0.775499799261E-03    -0.02529

IsingSqH     4     512    26    0.07770860   10013
    1    0.101900875385E-01    0.648363477487E-05    -0.02461
    2    0.433619140625E+00    0.881304023492E-03     0.00741
    3    0.433619140625E+00    0.881304023492E-03     0.00741
    4    0.337406250000E+00    0.910625697171E-03     0.00210
    5    0.307263671875E+00    0.873556006175E-03     0.01923

IsingSqH     6     512    93    0.07770860   10014
    1    0.264635873739E-02    0.162112038518E-05    -0.02402
    2    0.331306640625E+00    0.672415168850E-03     0.00920
    3    0.331306640625E+00    0.672415168850E-03     0.00920
    4    0.235433593750E+00    0.645237846906E-03     0.00007
    5    0.226140625000E+00    0.630297616093E-03     0.00757

IsingSqH     8     256   242    0.07770860   10015
    1    0.966709811641E-03    0.821094539468E-06     0.04699
    2    0.280222656250E+00    0.951478905196E-03    -0.02868
    3    0.280222656250E+00    0.951478905196E-03    -0.02868
    4    0.188148437500E+00    0.851903550935E-03    -0.03473
    5    0.184328125000E+00    0.840348781360E-03    -0.02894

IsingSqH     4     512    26    0.07770860   10017
    1    0.101925580639E-01    0.692021895050E-05    -0.04264
    2    0.434566406250E+00    0.901052225421E-03     0.04023
    3    0.434566406250E+00    0.901052225421E-03     0.04023
    4    0.340197265625E+00    0.944435929975E-03    -0.08392
    5    0.309599609375E+00    0.939391682326E-03    -0.06505

IsingSqH     6     512    95    0.07770860   10018
    1    0.264454406998E-02    0.167481532573E-05    -0.00823
    2    0.329492187500E+00    0.712185705342E-03    -0.00904
    3    0.329492187500E+00    0.712185705342E-03    -0.00904
    4    0.233697265625E+00    0.689271412993E-03    -0.00584
    5    0.224718750000E+00    0.685287926314E-03     0.00535

IsingSqH     8     256   241    0.07770860   10019
    1    0.966363805675E-03    0.769912907587E-06     0.02459
    2    0.279617187500E+00    0.898169975273E-03    -0.01647
    3    0.279617187500E+00    0.898169975273E-03    -0.01647
    4    0.188093750000E+00    0.781083641779E-03    -0.03742
    5    0.184210937500E+00    0.779275191830E-03    -0.01850

IsingSqH     4     512    27    0.07770860   10021
    1    0.101939900275E-01    0.642086228191E-05    -0.01608
    2    0.432939453125E+00    0.875731633960E-03     0.01663
    3    0.432939453125E+00    0.875731633960E-03     0.01663
    4    0.339359375000E+00    0.842377151507E-03     0.04639
    5    0.308449218750E+00    0.869862520645E-03    -0.01538

IsingSqH     6     512    95    0.07770860   10022
    1    0.264416799153E-02    0.157382758751E-05    -0.06685
    2    0.330435546875E+00    0.695613135046E-03    -0.00552
    3    0.330435546875E+00    0.695613135046E-03    -0.00552
    4    0.234705078125E+00    0.640203018975E-03     0.03848
    5    0.225796875000E+00    0.628332830403E-03     0.01927

IsingSqH     8     256   237    0.07770860   10023
    1    0.967003676545E-03    0.796621530925E-06     0.02215
    2    0.279628906250E+00    0.948507403956E-03     0.04295
    3    0.279628906250E+00    0.948507403956E-03     0.04295
    4    0.187464843750E+00    0.819309880097E-03    -0.04093
    5    0.183722656250E+00    0.803794381006E-03    -0.04241

IsingSqH     4     512    26    0.07770860   10025
    1    0.101898361215E-01    0.647537963759E-05    -0.08477
    2    0.434097656250E+00    0.918877161954E-03     0.01489
    3    0.434097656250E+00    0.918877161954E-03     0.01489
    4    0.339164062500E+00    0.901880024050E-03     0.03397
    5    0.308107421875E+00    0.909616931551E-03    -0.01338

IsingSqH     6     512    97    0.07770860   10026
    1    0.264507576599E-02    0.164178909986E-05     0.06019
    2    0.330789062500E+00    0.701122648292E-03     0.03149
    3    0.330789062500E+00    0.701122648292E-03     0.03149
    4    0.235054687500E+00    0.649149596913E-03     0.09888
    5    0.225884765625E+00    0.635594528320E-03     0.07503

IsingSqH     8     256   246    0.07770860   10027
    1    0.965956937703E-03    0.759401164831E-06     0.00406
    2    0.280417968750E+00    0.948050053201E-03    -0.06432
    3    0.280417968750E+00    0.948050053201E-03    -0.06432
    4    0.189062500000E+00    0.805583613547E-03     0.00947
    5    0.185449218750E+00    0.800162902341E-03     0.00384

IsingSqH     4     512    26    0.07770860   10029
    1    0.101958521008E-01    0.675780767791E-05    -0.00070
    2    0.433921875000E+00    0.928011496713E-03     0.08558
    3    0.433921875000E+00    0.928011496713E-03     0.08558
    4    0.340169921875E+00    0.936701014712E-03     0.02906
    5    0.309263671875E+00    0.927221467999E-03     0.07704

IsingSqH     6     512    95    0.07770860   10030
    1    0.264308485098E-02    0.157774876413E-05     0.01532
    2    0.330105468750E+00    0.705294488664E-03     0.00652
    3    0.330105468750E+00    0.705294488664E-03     0.00652
    4    0.234107421875E+00    0.629366752871E-03     0.04376
    5    0.225113281250E+00    0.633272761630E-03     0.06254

IsingSqH     8     256   245    0.07770860   10031
    1    0.966742331428E-03    0.816982623159E-06    -0.02745
    2    0.279246093750E+00    0.893793218124E-03    -0.05979
    3    0.279246093750E+00    0.893793218124E-03    -0.05979
    4    0.186199218750E+00    0.812391042689E-03    -0.04896
    5    0.182718750000E+00    0.806004585747E-03    -0.05945

IsingSqH     4     512    26    0.07770860   10033
    1    0.101922521820E-01    0.655077663796E-05     0.00243
    2    0.434496093750E+00    0.919037032713E-03     0.02201
    3    0.434496093750E+00    0.919037032713E-03     0.02201
    4    0.339884765625E+00    0.966404942832E-03    -0.01259
    5    0.308773437500E+00    0.946644327737E-03    -0.03938

IsingSqH     6     512    95    0.07770860   10034
    1    0.264620227927E-02    0.154169522500E-05    -0.02823
    2    0.331125000000E+00    0.703193285986E-03     0.07527
    3    0.331125000000E+00    0.703193285986E-03     0.07527
    4    0.234697265625E+00    0.651311607621E-03     0.04867
    5    0.225537109375E+00    0.640342791171E-03     0.05341

IsingSqH     8     256   241    0.07770860   10035
    1    0.967450467707E-03    0.818291199322E-06    -0.04182
    2    0.280375000000E+00    0.948850886027E-03     0.02300
    3    0.280375000000E+00    0.948850886027E-03     0.02300
    4    0.188816406250E+00    0.836733898616E-03     0.01885
    5    0.185121093750E+00    0.819177205577E-03     0.01319

IsingSqH     4     512    26    0.07770860   10037
    1    0.101951649923E-01    0.688865404303E-05     0.05045
    2    0.434517578125E+00    0.853859987468E-03     0.02550
    3    0.434517578125E+00    0.853859987468E-03     0.02550
    4    0.340201171875E+00    0.895146269030E-03     0.01776
    5    0.308550781250E+00    0.914957868540E-03    -0.01036

IsingSqH     6     512    91    0.07770860   10038
    1    0.264583836976E-02    0.163145931269E-05     0.05718
    2    0.331150390625E+00    0.689119855834E-03    -0.03957
    3    0.331150390625E+00    0.689119855834E-03    -0.03957
    4    0.235169921875E+00    0.679183309259E-03     0.06490
    5    0.226310546875E+00    0.685199024415E-03     0.08943

IsingSqH     8     256   240    0.07770860   10039
    1    0.966270523223E-03    0.837051734937E-06     0.07821
    2    0.278976562500E+00    0.830923790585E-03     0.00636
    3    0.278976562500E+00    0.830923790585E-03     0.00636
    4    0.187980468750E+00    0.756888529861E-03    -0.02450
    5    0.184082031250E+00    0.745626299182E-03    -0.00659

IsingSqH     4     512    26    0.07770860   10041
    1    0.101951562533E-01    0.670632910823E-05     0.03378
    2    0.432966796875E+00    0.865571660390E-03     0.05401
    3    0.432966796875E+00    0.865571660390E-03     0.05401
    4    0.340345703125E+00    0.916679707079E-03     0.05900
    5    0.309466796875E+00    0.906633580732E-03     0.04076

IsingSqH     6     512    95    0.07770860   10042
    1    0.264540971626E-02    0.154328341257E-05     0.03054
    2    0.330458984375E+00    0.675863139839E-03     0.05643
    3    0.330458984375E+00    0.675863139839E-03     0.05643
    4    0.235759765625E+00    0.655025623660E-03     0.01037
    5    0.226964843750E+00    0.640742800334E-03    -0.01099

IsingSqH     8     256   250    0.07770860   10043
    1    0.968324999467E-03    0.827625731121E-06    -0.03496
    2    0.279152343750E+00    0.882022328642E-03     0.01002
    3    0.279152343750E+00    0.882022328642E-03     0.01002
    4    0.187769531250E+00    0.781468425159E-03     0.06880
    5    0.184109375000E+00    0.786288486107E-03     0.08370

IsingSqH     4     512    26    0.07770860   10045
    1    0.101975656748E-01    0.656033021429E-05    -0.00667
    2    0.432068359375E+00    0.879710655177E-03     0.01011
    3    0.432068359375E+00    0.879710655177E-03     0.01011
    4    0.338687500000E+00    0.850775050985E-03     0.02078
    5    0.307878906250E+00    0.870371661907E-03    -0.02083

IsingSqH     6     512    97    0.07770860   10046
    1    0.264311908974E-02    0.157589141182E-05    -0.00305
    2    0.329419921875E+00    0.675358442908E-03    -0.02837
    3    0.329419921875E+00    0.675358442908E-03    -0.02837
    4    0.234673828125E+00    0.640662748568E-03    -0.09313
    5    0.225464843750E+00    0.636042876833E-03    -0.06570

IsingSqH     8     256   236    0.07770860   10047
    1    0.966267888300E-03    0.823984018068E-06     0.03829
    2    0.281234375000E+00    0.925993218667E-03    -0.03737
    3    0.281234375000E+00    0.925993218667E-03    -0.03737
    4    0.189128906250E+00    0.803782195843E-03     0.00045
    5    0.185261718750E+00    0.802291091006E-03    -0.00306

IsingSqH     4     512    26    0.07770860   10049
    1    0.101916771760E-01    0.654235826133E-05     0.05291
    2    0.432410156250E+00    0.900089067239E-03    -0.02929
    3    0.432410156250E+00    0.900089067239E-03    -0.02929
    4    0.338865234375E+00    0.925580004177E-03    -0.00975
    5    0.307621093750E+00    0.950763345654E-03    -0.05343

IsingSqH     6     512    92    0.07770860   10050
    1    0.264490308049E-02    0.155608467988E-05    -0.00109
    2    0.330896484375E+00    0.693576138476E-03     0.00563
    3    0.330896484375E+00    0.693576138476E-03     0.00563
    4    0.235410156250E+00    0.667557528617E-03     0.00280
    5    0.226248046875E+00    0.652623114286E-03     0.00728

IsingSqH     8     256   238    0.07770860   10051
    1    0.967511182087E-03    0.813619156054E-06     0.03197
    2    0.280710937500E+00    0.937041674394E-03     0.04804
    3    0.280710937500E+00    0.937041674394E-03     0.04804
    4    0.189390625000E+00    0.802036043021E-03     0.05841
    5    0.185382812500E+00    0.789265313446E-03     0.05548

IsingSqH     4     512    26    0.07770860   10053
    1    0.101945190659E-01    0.666437586554E-05     0.01933
    2    0.435191406250E+00    0.897472384159E-03    -0.00133
    3    0.435191406250E+00    0.897472384159E-03    -0.00133
    4    0.340669921875E+00    0.922509839368E-03     0.07539
    5    0.309416015625E+00    0.935815488973E-03     0.04099

IsingSqH     6     512    92    0.07770860   10054
    1    0.264709053139E-02    0.148539562814E-05    -0.03618
    2    0.329978515625E+00    0.684236504810E-03    -0.05080
    3    0.329978515625E+00    0.684236504810E-03    -0.05080
    4    0.234896484375E+00    0.645728646274E-03    -0.06076
    5    0.225826171875E+00    0.637729735909E-03    -0.07054

IsingSqH     8     256   241    0.07770860   10055
    1    0.965952485066E-03    0.837470514447E-06     0.04006
    2    0.280562500000E+00    0.888709176002E-03     0.13692
    3    0.280562500000E+00    0.888709176002E-03     0.13692
    4    0.188234375000E+00    0.819558277234E-03     0.01692
    5    0.184289062500E+00    0.813494843748E-03     0.01767

IsingSqH     4     512    26    0.07770860   10057
    1    0.101938814658E-01    0.648676841243E-05    -0.08486
    2    0.433728515625E+00    0.829905543171E-03     0.03487
    3    0.433728515625E+00    0.829905543171E-03     0.03487
    4    0.340183593750E+00    0.913787573306E-03    -0.00180
    5    0.309710937500E+00    0.906401226396E-03     0.03060

IsingSqH     6     512    94    0.07770860   10058
    1    0.264561025454E-02    0.159322248018E-05     0.00548
    2    0.330570312500E+00    0.719717104271E-03    -0.01112
    3    0.330570312500E+00    0.719717104271E-03    -0.01112
    4    0.235345703125E+00    0.675582219694E-03    -0.02903
    5    0.226345703125E+00    0.671758186117E-03     0.00454

IsingSqH     8     256   246    0.07770860   10059
    1    0.968679484586E-03    0.813247637467E-06     0.00689
    2    0.280468750000E+00    0.879321476579E-03    -0.01700
    3    0.280468750000E+00    0.879321476579E-03    -0.01700
    4    0.188726562500E+00    0.791327418973E-03     0.06860
    5    0.185039062500E+00    0.789309501700E-03     0.07077

IsingSqH     4     512    26    0.07770860   10061
    1    0.101997430783E-01    0.680933616104E-05     0.01292
    2    0.432292968750E+00    0.901561770675E-03    -0.00095
    3    0.432292968750E+00    0.901561770675E-03    -0.00095
    4    0.339021484375E+00    0.928225413038E-03     0.03011
    5    0.308707031250E+00    0.925159431769E-03     0.03801

IsingSqH     6     512    93    0.07770860   10062
    1    0.264767905646E-02    0.156393543538E-05    -0.02921
    2    0.331142578125E+00    0.676528583196E-03    -0.00182
    3    0.331142578125E+00    0.676528583196E-03    -0.00182
    4    0.235712890625E+00    0.672301296977E-03     0.04738
    5    0.226927734375E+00    0.669816629118E-03     0.03669

IsingSqH     8     256   241    0.07770860   10063
    1    0.966335461239E-03    0.791286875451E-06    -0.04054
    2    0.278914062500E+00    0.863595077237E-03    -0.04414
    3    0.278914062500E+00    0.863595077237E-03    -0.04414
    4    0.187113281250E+00    0.803577546662E-03    -0.10951
    5    0.183363281250E+00    0.793533400554E-03    -0.11146

IsingSqH     4     512    26    0.07770860   10065
    1    0.101997067378E-01    0.701334907240E-05     0.05989
    2    0.434640625000E+00    0.868545955057E-03    -0.07952
    3    0.434640625000E+00    0.868545955057E-03    -0.07952
    4    0.340458984375E+00    0.901313904443E-03    -0.03060
    5    0.309634765625E+00    0.892804214491E-03    -0.03646

IsingSqH     6     512    97    0.07770860   10066
    1    0.264428841854E-02    0.148628175347E-05     0.03660
    2    0.329835937500E+00    0.676736535186E-03     0.04219
    3    0.329835937500E+00    0.676736535186E-03     0.04219
    4    0.233888671875E+00    0.647204203603E-03     0.05290
    5    0.224904296875E+00    0.636177901212E-03     0.05983

IsingSqH     8     256   231    0.07770860   10067
    1    0.967276124348E-03    0.830021375977E-06     0.10162
    2    0.280406250000E+00    0.911632490816E-03     0.01942
    3    0.280406250000E+00    0.911632490816E-03     0.01942
    4    0.188191406250E+00    0.846909948088E-03     0.00818
    5    0.184621093750E+00    0.844408835758E-03     0.01447

IsingSqH     4     512    26    0.07770860   10069
    1    0.101865732578E-01    0.694916466354E-05    -0.02517
    2    0.432863281250E+00    0.902829282193E-03     0.03845
    3    0.432863281250E+00    0.902829282193E-03     0.03845
    4    0.338416015625E+00    0.899461484492E-03     0.10380
    5    0.307445312500E+00    0.916276542109E-03     0.08502

IsingSqH     6     512    97    0.07770860   10070
    1    0.264425571715E-02    0.151579620586E-05    -0.04760
    2    0.329328125000E+00    0.691029221523E-03    -0.03444
    3    0.329328125000E+00    0.691029221523E-03    -0.03444
    4    0.234093750000E+00    0.629173625833E-03     0.01710
    5    0.225083984375E+00    0.626152889318E-03    -0.00010

IsingSqH     8     256   241    0.07770860   10071
    1    0.967085865106E-03    0.828442958181E-06     0.02498
    2    0.280449218750E+00    0.927413696477E-03    -0.00167
    3    0.280449218750E+00    0.927413696477E-03    -0.00167
    4    0.187933593750E+00    0.800528388016E-03     0.02638
    5    0.184164062500E+00    0.787124971734E-03     0.03047

IsingSqH     4     512    26    0.07770860   10073
    1    0.101979835996E-01    0.678505395936E-05    -0.05904
    2    0.433259765625E+00    0.874367369787E-03    -0.02948
    3    0.433259765625E+00    0.874367369787E-03    -0.02948
    4    0.339617187500E+00    0.920103117721E-03    -0.07032
    5    0.308900390625E+00    0.931085196187E-03    -0.04769

IsingSqH     6     512    96    0.07770860   10074
    1    0.264704857445E-02    0.149757137486E-05    -0.04071
    2    0.330560546875E+00    0.674127538753E-03    -0.03987
    3    0.330560546875E+00    0.674127538753E-03    -0.03987
    4    0.234958984375E+00    0.655004288604E-03    -0.00434
    5    0.225542968750E+00    0.653160403420E-03    -0.00806

IsingSqH     8     256   247    0.07770860   10075
    1    0.968800266239E-03    0.750304726281E-06     0.00789
    2    0.279324218750E+00    0.935876324897E-03    -0.07449
    3    0.279324218750E+00    0.935876324897E-03    -0.07449
    4    0.187910156250E+00    0.802050321001E-03    -0.11188
    5    0.184003906250E+00    0.796417089540E-03    -0.10461

IsingSqH     4     512    26    0.07770860   10077
    1    0.101906999991E-01    0.665798690605E-05    -0.03587
    2    0.433078125000E+00    0.884287434381E-03    -0.02898
    3    0.433078125000E+00    0.884287434381E-03    -0.02898
    4    0.338326171875E+00    0.921326838538E-03     0.00690
    5    0.307667968750E+00    0.910625811940E-03     0.04158

IsingSqH     6     512    97    0.07770860   10078
    1    0.264203897630E-02    0.159282961234E-05     0.08004
    2    0.331388671875E+00    0.700212846517E-03     0.06299
    3    0.331388671875E+00    0.700212846517E-03     0.06299
    4    0.235087890625E+00    0.633042206841E-03    -0.00686
    5    0.226306640625E+00    0.623159157379E-03    -0.00145

IsingSqH     8     256   236    0.07770860   10079
    1    0.967470184000E-03    0.795061033906E-06     0.02630
    2    0.278773437500E+00    0.877855886690E-03    -0.11901
    3    0.278773437500E+00    0.877855886690E-03    -0.11901
    4    0.187515625000E+00    0.782912553393E-03    -0.01801
    5    0.183753906250E+00    0.772723758265E-03    -0.02636

IsingSqH    12      12   341    0.07770860   10001
    1    0.228348801353E-03    0.133278461737E-05     0.05292
    2    0.221953125000E+00    0.377787962103E-02     0.16728
    3    0.221953125000E+00    0.377787962103E-02     0.16728
    4    0.137812500000E+00    0.354237824795E-02     0.14436
    5    0.136953125000E+00    0.355385761653E-02     0.13927

IsingSqH    14       6   346    0.07770860   10002
    1    0.132538035249E-03    0.134798881181E-05     0.17845
    2    0.213437500000E+00    0.570393812966E-02    -0.08616
    3    0.213437500000E+00    0.570393812966E-02    -0.08616
    4    0.132500000000E+00    0.518838041575E-02    -0.13461
    5    0.132500000000E+00    0.518838041575E-02    -0.13461

IsingSqH    12      12   352    0.07770860   10004
    1    0.227239081551E-03    0.119504516521E-05    -0.09779
    2    0.227421875000E+00    0.382671866744E-02    -0.15620
    3    0.227421875000E+00    0.382671866744E-02    -0.15620
    4    0.139296875000E+00    0.326258841885E-02    -0.03265
    5    0.138125000000E+00    0.322573848592E-02    -0.02433

IsingSqH    14       6   365    0.07770860   10005
    1    0.133389625949E-03    0.157442789244E-05    -0.08779
    2    0.210937500000E+00    0.597674041054E-02    -0.07479
    3    0.210937500000E+00    0.597674041054E-02    -0.07479
    4    0.128593750000E+00    0.494399537253E-02    -0.08122
    5    0.127656250000E+00    0.490119448396E-02    -0.08571

IsingSqH    12      12   322    0.07770860   10007
    1    0.229573477045E-03    0.139296260966E-05     0.12149
    2    0.224687500000E+00    0.373839658221E-02     0.02027
    3    0.224687500000E+00    0.373839658221E-02     0.02027
    4    0.140312500000E+00    0.286880430489E-02     0.07374
    5    0.139062500000E+00    0.291243072136E-02     0.08958

IsingSqH    14       6   346    0.07770860   10008
    1    0.133967086444E-03    0.129176568334E-05     0.04892
    2    0.199843750000E+00    0.569697432193E-02    -0.01593
    3    0.199843750000E+00    0.569697432193E-02    -0.01593
    4    0.121406250000E+00    0.477950633379E-02    -0.02423
    5    0.121406250000E+00    0.477950633379E-02    -0.02423

IsingSqH    12      12   336    0.07770860   10010
    1    0.230686495574E-03    0.117947823366E-05     0.02573
    2    0.221328125000E+00    0.379787532187E-02    -0.15923
    3    0.221328125000E+00    0.379787532187E-02    -0.15923
    4    0.139296875000E+00    0.371735064115E-02    -0.04108
    5    0.137500000000E+00    0.374507550674E-02    -0.00825

IsingSqH    14       6   353    0.07770860   10011
    1    0.134967780336E-03    0.124169187207E-05     0.02268
    2    0.206406250000E+00    0.538358174901E-02     0.06809
    3    0.206406250000E+00    0.538358174901E-02     0.06809
    4    0.121718750000E+00    0.408465623072E-02     0.10145
    5    0.121250000000E+00    0.407695414717E-02     0.08780

IsingSqH    12      12   324    0.07770860   10013
    1    0.229544594770E-03    0.139262392633E-05    -0.04474
    2    0.231718750000E+00    0.376981212427E-02    -0.05922
    3    0.231718750000E+00    0.376981212427E-02    -0.05922
    4    0.141484375000E+00    0.353220880780E-02    -0.03451
    5    0.140625000000E+00    0.350539165705E-02    -0.02982

IsingSqH    14       6   342    0.07770860   10014
    1    0.131409144947E-03    0.124805015032E-05     0.08258
    2    0.197500000000E+00    0.477340895701E-02    -0.03120
    3    0.197500000000E+00    0.477340895701E-02    -0.03120
    4    0.119062500000E+00    0.419656880255E-02     0.05150
    5    0.118437500000E+00    0.421849937284E-02     0.07667

IsingSqH    12      12   319    0.07770860   10016
    1    0.231846802474E-03    0.142677953974E-05    -0.10311
    2    0.229453125000E+00    0.401968059778E-02     0.02509
    3    0.229453125000E+00    0.401968059778E-02     0.02509
    4    0.138828125000E+00    0.342886997178E-02     0.01566
    5    0.137968750000E+00    0.339232461983E-02     0.02536

IsingSqH    14       6   360    0.07770860   10017
    1    0.129655641888E-03    0.136311225605E-05    -0.04230
    2    0.212187500000E+00    0.495750168095E-02    -0.04864
    3    0.212187500000E+00    0.495750168095E-02    -0.04864
    4    0.136562500000E+00    0.443884117895E-02     0.04705
    5    0.136093750000E+00    0.446334935617E-02     0.05033

IsingSqH    12      12   329    0.07770860   10019
    1    0.230151204621E-03    0.132696699157E-05     0.12590
    2    0.221796875000E+00    0.378499679135E-02     0.00364
    3    0.221796875000E+00    0.378499679135E-02     0.00364
    4    0.140078125000E+00    0.331554160192E-02     0.09455
    5    0.138750000000E+00    0.326789440745E-02     0.08143

IsingSqH    14       6   349    0.07770860   10020
    1    0.132182325106E-03    0.139016704768E-05     0.12657
    2    0.203750000000E+00    0.575393566097E-02    -0.01526
    3    0.203750000000E+00    0.575393566097E-02    -0.01526
    4    0.122187500000E+00    0.477461697664E-02    -0.03285
    5    0.121562500000E+00    0.469864161452E-02    -0.01417

IsingSqH    12      12   335    0.07770860   10022
    1    0.229609762255E-03    0.140803128996E-05     0.15059
    2    0.223437500000E+00    0.395663858940E-02     0.05262
    3    0.223437500000E+00    0.395663858940E-02     0.05262
    4    0.138046875000E+00    0.322060180801E-02    -0.07234
    5    0.137265625000E+00    0.321803412793E-02    -0.07420

IsingSqH    14       6   339    0.07770860   10023
    1    0.133874872036E-03    0.127261878761E-05     0.09592
    2    0.201718750000E+00    0.501978047834E-02    -0.02381
    3    0.201718750000E+00    0.501978047834E-02    -0.02381
    4    0.126250000000E+00    0.426571896258E-02     0.01998
    5    0.125937500000E+00    0.426346509267E-02     0.01900

IsingSqH    12      12   322    0.07770860   10025
    1    0.230855204139E-03    0.134354076194E-05    -0.03376
    2    0.224218750000E+00    0.400788067038E-02    -0.07591
    3    0.224218750000E+00    0.400788067038E-02    -0.07591
    4    0.144375000000E+00    0.301274768642E-02    -0.06498
    5    0.143359375000E+00    0.300155255051E-02    -0.04113

IsingSqH    14       6   353    0.07770860   10026
    1    0.131158016398E-03    0.127785712961E-05     0.18305
    2    0.202656250000E+00    0.592925440197E-02    -0.13014
    3    0.202656250000E+00    0.592925440197E-02    -0.13014
    4    0.121875000000E+00    0.502179060749E-02    -0.00129
    5    0.121406250000E+00    0.502544506662E-02    -0.01148

IsingSqH    12      12   330    0.07770860   10028
    1    0.230395764071E-03    0.135865514774E-05     0.10280
    2    0.226875000000E+00    0.412309070583E-02    -0.10303
    3    0.226875000000E+00    0.412309070583E-02    -0.10303
    4    0.138281250000E+00    0.325489745891E-02    -0.01797
    5    0.137343750000E+00    0.322141497734E-02    -0.02595

IsingSqH    12      12   343    0.07770860   10031
    1    0.230723022381E-03    0.147258240923E-05     0.17992
    2    0.217500000000E+00    0.358776027760E-02     0.06997
    3    0.217500000000E+00    0.358776027760E-02     0.06997
    4    0.137187500000E+00    0.316124810531E-02     0.19990
    5    0.136562500000E+00    0.317299453911E-02     0.19678

IsingSqH    14       6   355    0.07770860   10032
    1    0.129729779864E-03    0.137941918966E-05     0.15487
    2    0.213593750000E+00    0.558106681370E-02    -0.03333
    3    0.213593750000E+00    0.558106681370E-02    -0.03333
    4    0.121875000000E+00    0.444474774091E-02    -0.15710
    5    0.121718750000E+00    0.443138493348E-02    -0.15407

IsingSqH    14       6   337    0.07770860   10035
    1    0.133956752903E-03    0.128527919246E-05     0.03746
    2    0.206562500000E+00    0.542082132963E-02     0.01238
    3    0.206562500000E+00    0.542082132963E-02     0.01238
    4    0.128125000000E+00    0.494277041048E-02     0.04059
    5    0.127812500000E+00    0.494673585509E-02     0.02205

IsingSqH    12      12   328    0.07770860   10037
    1    0.230778409555E-03    0.125951055598E-05     0.02226
    2    0.227187500000E+00    0.353020135464E-02     0.01599
    3    0.227187500000E+00    0.353020135464E-02     0.01599
    4    0.141640625000E+00    0.309737264787E-02    -0.00799
    5    0.140546875000E+00    0.312019038100E-02    -0.00487

IsingSqH    12      12   334    0.07770860   10040
    1    0.227969081028E-03    0.125534322156E-05     0.05068
    2    0.230234375000E+00    0.425339264158E-02     0.16255
    3    0.230234375000E+00    0.425339264158E-02     0.16255
    4    0.144375000000E+00    0.351590522724E-02    -0.03928
    5    0.143906250000E+00    0.351675260788E-02    -0.04035

IsingSqH    14       6   341    0.07770860   10041
    1    0.132464236000E-03    0.138496641896E-05     0.08036
    2    0.205781250000E+00    0.524122796777E-02     0.10056
    3    0.205781250000E+00    0.524122796777E-02     0.10056
    4    0.123281250000E+00    0.411910164816E-02    -0.00192
    5    0.122968750000E+00    0.415283231603E-02     0.00443

IsingSqH    12      12   335    0.07770860   10043
    1    0.227724617750E-03    0.129187291251E-05    -0.03838
    2    0.227187500000E+00    0.361798040822E-02     0.01834
    3    0.227187500000E+00    0.361798040822E-02     0.01834
    4    0.138593750000E+00    0.337664799186E-02     0.03045
    5    0.137734375000E+00    0.332243411547E-02     0.03453

IsingSqH    14       6   356    0.07770860   10044
    1    0.131976448925E-03    0.131570267261E-05     0.07257
    2    0.207968750000E+00    0.535335940111E-02     0.00235
    3    0.207968750000E+00    0.535335940111E-02     0.00235
    4    0.127656250000E+00    0.477403313865E-02    -0.09157
    5    0.127500000000E+00    0.476308806070E-02    -0.08678

IsingSqH    12      12   319    0.07770860   10046
    1    0.229716483647E-03    0.140789680789E-05     0.08848
    2    0.225937500000E+00    0.368118871351E-02    -0.02334
    3    0.225937500000E+00    0.368118871351E-02    -0.02334
    4    0.137031250000E+00    0.307060809007E-02     0.03296
    5    0.136328125000E+00    0.305154031582E-02     0.02623

IsingSqH    14       6   352    0.07770860   10047
    1    0.130360394674E-03    0.115089522870E-05     0.07561
    2    0.211562500000E+00    0.484813349404E-02     0.06655
    3    0.211562500000E+00    0.484813349404E-02     0.06655
    4    0.128906250000E+00    0.417274972214E-02    -0.08028
    5    0.128125000000E+00    0.417645667454E-02    -0.09779

IsingSqH    12      12   343    0.07770860   10049
    1    0.228599425467E-03    0.133499406297E-05     0.13135
    2    0.223671875000E+00    0.421621456145E-02    -0.06447
    3    0.223671875000E+00    0.421621456145E-02    -0.06447
    4    0.137968750000E+00    0.341941713898E-02     0.02624
    5    0.137265625000E+00    0.342724372550E-02     0.00818

IsingSqH    12      12   332    0.07770860   10052
    1    0.231991454174E-03    0.150326664686E-05     0.09365
    2    0.225390625000E+00    0.339874329729E-02     0.01752
    3    0.225390625000E+00    0.339874329729E-02     0.01752
    4    0.142656250000E+00    0.317331620171E-02    -0.03228
    5    0.141718750000E+00    0.317452755297E-02    -0.04739

IsingSqH    14       6   344    0.07770860   10053
    1    0.134092178830E-03    0.152654596651E-05     0.18628
    2    0.199843750000E+00    0.510950988137E-02     0.01512
    3    0.199843750000E+00    0.510950988137E-02     0.01512
    4    0.121562500000E+00    0.456584253572E-02    -0.00801
    5    0.121406250000E+00    0.457431846904E-02    -0.01251

IsingSqH    12      12   327    0.07770860   10055
    1    0.230794842455E-03    0.132587979031E-05     0.07480
    2    0.218515625000E+00    0.340631405479E-02    -0.10503
    3    0.218515625000E+00    0.340631405479E-02    -0.10503
    4    0.134687500000E+00    0.288803851883E-02    -0.03443
    5    0.133515625000E+00    0.290640973812E-02    -0.00852

IsingSqH    14       6   328    0.07770860   10056
    1    0.132208660303E-03    0.143703723829E-05    -0.16258
    2    0.213125000000E+00    0.529335368684E-02    -0.17817
    3    0.213125000000E+00    0.529335368684E-02    -0.17817
    4    0.128281250000E+00    0.493285615201E-02    -0.06343
    5    0.127500000000E+00    0.489978943506E-02    -0.05895

IsingSqH    14       6   349    0.07770860   10059
    1    0.133453130570E-03    0.166183660211E-05     0.19147
    2    0.202656250000E+00    0.593550901247E-02     0.02220
    3    0.202656250000E+00    0.593550901247E-02     0.02220
    4    0.122343750000E+00    0.507259887046E-02     0.03091
    5    0.120937500000E+00    0.504306233142E-02    -0.02722
